index,idleTime,txTime,totalTime,energy,maxCurrent,Signal power,TX power,RX time,ECL,EARFCN,RSRQ,RLC DL BLER,MAC DL BLER,Total RX bytes,Total RX blocks,Total ACK/NACK RX,RLC DL,MAC DL,Total Free,Num Allocs,primary_cell,rsrp,rsrq,rssi,snr,
0,120053,262,120315,5.54,86.0,-506,-150,4853842,0,3712,-126,0,0,196564,6545,6,0,0,6700,7810,1,-506,-126,-429,28,
1,2429,133,2562,2.8,73.0,-429,2671717,234,0,6555,0,16300,7743,
0,4987,133,5120,2.81,74.0,-501,-160,4854905,0,3712,-125,0,0,196654,6548,6,0,0,6700,7816,1,-501,-125,-424,31,
1,2426,132,2558,2.78,73.0,-424,2671717,234,0,6558,0,16300,7749,
2,2297,265,2562,5.62,118.0,232484,0,0,6652,-501,-160,4855024,0,3712,-125,0,0,196654,6548,6,0,0,6700,7819,1,-501,-125,-425,33,
3,2295,263,2558,5.56,74.0,31,0,-425,2671717,234,0,6558,0,16300,7752,-503,-160,4855145,0,3712,-125,0,0,196654,6548,6,0,0,6700,7822,1,-503,-125,-426,31,
4,2297,265,2562,5.6,73.0,242259,232484,0,0,6652,-426,2671717,234,0,6558,0,16300,7755,-504,-160,4855264,0,3712,-126,0,0,196654,6548,6,0,0,6700,7825,1,-504,-126,-427,30,
5,2295,263,2558,5.55,87.0,33,0,232484,0,0,6652,-427,2671717,234,0,6558,0,16300,7758,-506,-160,4855386,0,3712,-126,0,0,196654,6548,6,0,0,6700,7828,1,-506,-126,-428,29,
6,2428,134,2562,2.82,73.0,242259,31,0,232484,0,0,6652,-428,2671717,234,0,6558,0,16300,7761,-507,-160,4855506,0,3712,-127,0,0,196654,6548,6,0,0,6700,7831,1,-507,-127,-429,28,
7,2427,131,2558,2.76,74.0,242259,30,0,232484,0,0,6652,-429,2671717,234,0,6558,0,16300,7764,-507,-160,4855628,0,3712,-127,0,0,196654,6548,6,0,0,6700,7834,1,-507,-127,-429,28,
8,2297,265,2562,5.62,108.0,242259,29,0,232484,0,0,6652,-429,2671717,234,0,6558,0,16300,7767,-505,-160,4855747,0,3712,-126,0,0,196654,6548,6,0,0,6700,7837,1,-505,-126,-428,29,
9,2295,2824,5119,389.71,115.0,242259,28,0,232484,0,0,6652,-428,2671717,234,0,6558,0,16300,7770,-504,-160,4855869,0,3712,-126,0,0,196654,6548,6,0,0,6700,7840,1,-504,-126,-427,31,
0,4988,131,5119,2.76,73.0,-494,-170,4932907,0,3712,-130,0,0,200729,6685,6,0,0,6700,7846,1,-494,-130,-413,19,
1,2299,264,2563,5.58,73.0,-413,2671717,234,0,6695,0,16300,7779,
2,2426,131,2557,2.76,73.0,237179,0,0,6652,-495,-170,4933027,0,3712,-130,0,0,200729,6685,6,0,0,6700,7849,1,-495,-130,-414,19,
3,2430,132,2562,2.77,73.0,19,0,-414,2671717,234,0,6695,0,16300,7782,-495,-170,4933146,0,3712,-130,0,0,200729,6685,6,0,0,6700,7852,1,-495,-130,-414,19,
4,2427,131,2558,2.77,74.0,247327,237179,0,0,6652,-414,2671717,234,0,6695,0,16300,7785,-495,-170,4933266,0,3712,-130,0,0,200729,6685,6,0,0,6700,7855,1,-495,-130,-414,20,
5,2429,133,2562,2.8,74.0,19,0,237179,0,0,6652,-414,2671717,234,0,6695,0,16300,7788,-494,-170,4933385,0,3712,-129,0,0,200729,6685,6,0,0,6700,7858,1,-494,-129,-413,22,
6,2427,131,2558,2.76,73.0,247327,19,0,237179,0,0,6652,-413,2671717,234,0,6695,0,16300,7791,-493,-170,4933506,0,3712,-129,0,0,200729,6685,6,0,0,6700,7861,1,-493,-129,-413,22,
7,2430,132,2562,2.79,74.0,247327,20,0,237179,0,0,6652,-413,2671717,234,0,6695,0,16300,7794,-493,-170,4933625,0,3712,-129,0,0,200729,6685,6,0,0,6700,7864,1,-493,-129,-413,22,
